0 0 2 2 T 2 0 0 0 0 0 0 0 0 0 0 0 0 0 0 
0 0 0 0 0 0 0 0 0 T 0 0 0 0 0 0 0 0 0 0 
0 0 0 0 0 0 0 0 0 T 0 0 0 0 0 0 0 0 0 T 
0 0 0 0 0 0 0 0 0 T 0 0 0 0 0 0 0 0 0 T 
0 0 0 0 0 0 0 0 0 T 0 0 0 0 0 0 0 0 0 T 
0 0 0 0 0 0 0 0 0 T 0 0 0 0 0 0 0 0 0 T 
0 0 0 0 0 0 0 0 0 0 0 0 0 0 0 0 0 0 0 T 
0 0 0 0 0 0 0 0 0 0 0 0 0 0 0 0 0 0 0 0 
0 0 0 0 0 0 0 0 0 0 0 0 0 0 0 0 0 0 0 0 
0 0 0 0 0 0 0 T T T T T T 0 0 0 0 0 0 0 
0 0 0 0 0 0 0 0 0 0 0 0 0 0 0 0 0 0 0 0 
0 0 0 0 0 0 0 0 0 0 0 0 0 0 0 0 0 0 0 0 
0 0 0 0 0 0 0 0 0 0 0 0 0 0 0 0 0 0 0 0 
0 0 0 0 0 0 0 0 0 0 0 0 0 0 T T T T T 0 
0 0 0 0 0 0 0 0 0 0 0 0 0 0 0 0 0 0 0 0 
0 0 0 0 0 0 0 0 0 0 0 0 0 0 0 0 0 0 0 0 
0 0 0 0 0 0 0 0 0 0 0 0 0 0 0 0 0 0 0 0 
0 0 0 0 0 0 0 0 0 0 0 0 0 0 0 0 0 0 0 0 
0 0 0 0 0 0 0 0 0 0 0 0 0 0 0 0 0 0 0 0 
0 0 0 0 0 0 0 0 0 0 0 0 0 0 0 0 0 0 0 0 
